N <- 25
obs_tran_time <- 
c(115, 118, 124, 117, 123, 115, 118, 118, 117, 115, 116, 120, 116, 118, 115, 117, 117, 116, 121, 118,
118, 118, 118, 118, 115)
N_temp_rec <- 365
temp_time <- 
c(1, 2, 3, 4, 5, 6, 7, 8, 9, 10, 11, 12, 13, 14, 15, 16, 17, 18, 19, 20, 21, 22, 23, 24, 25, 26, 27, 28, 29,
30, 31, 32, 33, 34, 35, 36, 37, 38, 39, 40, 41, 42, 43, 44, 45, 46, 47, 48, 49, 50, 51, 52, 53, 54, 55, 56, 57, 58, 59,
60, 61, 62, 63, 64, 65, 66, 67, 68, 69, 70, 71, 72, 73, 74, 75, 76, 77, 78, 79, 80, 81, 82, 83, 84, 85, 86, 87, 88, 89,
90, 91, 92, 93, 94, 95, 96, 97, 98, 99, 100, 101, 102, 103, 104, 105, 106, 107, 108, 109, 110, 111, 112, 113, 114, 115,
116, 117, 118, 119, 120, 121, 122, 123, 124, 125, 126, 127, 128, 129, 130, 131, 132, 133, 134, 135, 136, 137, 138, 139,
140, 141, 142, 143, 144, 145, 146, 147, 148, 149, 150, 151, 152, 153, 154, 155, 156, 157, 158, 159, 160, 161, 162, 163,
164, 165, 166, 167, 168, 169, 170, 171, 172, 173, 174, 175, 176, 177, 178, 179, 180, 181, 182, 183, 184, 185, 186, 187,
188, 189, 190, 191, 192, 193, 194, 195, 196, 197, 198, 199, 200, 201, 202, 203, 204, 205, 206, 207, 208, 209, 210, 211,
212, 213, 214, 215, 216, 217, 218, 219, 220, 221, 222, 223, 224, 225, 226, 227, 228, 229, 230, 231, 232, 233, 234, 235,
236, 237, 238, 239, 240, 241, 242, 243, 244, 245, 246, 247, 248, 249, 250, 251, 252, 253, 254, 255, 256, 257, 258, 259,
260, 261, 262, 263, 264, 265, 266, 267, 268, 269, 270, 271, 272, 273, 274, 275, 276, 277, 278, 279, 280, 281, 282, 283,
284, 285, 286, 287, 288, 289, 290, 291, 292, 293, 294, 295, 296, 297, 298, 299, 300, 301, 302, 303, 304, 305, 306, 307,
308, 309, 310, 311, 312, 313, 314, 315, 316, 317, 318, 319, 320, 321, 322, 323, 324, 325, 326, 327, 328, 329, 330, 331,
332, 333, 334, 335, 336, 337, 338, 339, 340, 341, 342, 343, 344, 345, 346, 347, 348, 349, 350, 351, 352, 353, 354, 355,
356, 357, 358, 359, 360, 361, 362, 363, 364, 365)
temp_rec <- 
c(2.3, 2.7, 3, 2.6, 3, -0.5, -3.2, -1.5, 2, 1.5, -0.5, 1.5, 0.8, 0, -0.4, -4, -2.2, -1.7, 0.2, 0.7, 1.2, 1,
1.2, -0.6, -1, 0.8, -0.2, -1.6, -0.7, -0.3, 0.7, 0.4, 4.6, 3.5, 2, 0.7, -3.9, -6.8, -3.9, -1.9, 0.4, -0.8, -0.2, -2.3,
1.5, -1.8, -3.7, -4.3, -0.5, 0.7, 0.3, 1.7, 1.9, 0.1, 1.6, 1.3, -0.4, -0.2, 2.5, 2.1, 3.6, 0.7, 0.5, 4.4, 3.2, 3.6, 3.9,
5.9, 2.4, 6.1, 7.8, 8.9, 6.1, -0.3, 4.7, 6.7, 8.3, 6.9, 7.6, 4.4, 5.8, 5.7, 5.1, 7.8, 7, 2.2, 4.2, 3.1, 6.4, 5.2, 5.3, 4,
6.6, 4.7, 7.6, 5.7, 6.1, 7.3, 7.4, 7.8, 7.8, 4.6, 7.9, 5.5, 7.4, 8.5, 12.4, 9, 6.8, 10.4, 7.9, 8.3, 9.5, 13.5, 14.8, 14.5,
15.1, 11.8, 10.2, 8, 10, 11.7, 9.2, 10.1, 10.3, 8.4, 14.6, 14.1, 12.2, 10.9, 14.9, 18.7, 17.9, 13.5, 13.4, 13.3, 8.8,
10.9, 14, 12, 15, 19.8, 22.1, 22.4, 19.6, 20.7, 19.8, 14, 12.9, 12.8, 18.5, 18.4, 12.3, 13.3, 14.9, 13.8, 15.7, 15.9,
16.9, 16.7, 14, 10.6, 11.2, 14.6, 14.3, 17.1, 16.1, 14.7, 17.2, 17.8, 20.5, 21.7, 22.3, 18, 14.9, 16.4, 16.1, 17.3, 16.9,
18.6, 19.4, 20.8, 22.2, 24.4, 24.9, 22.4, 21.4, 22.1, 24.6, 26.8, 27.3, 24.3, 23.3, 22.8, 21.1, 18.9, 16.4, 14, 16.7,
16.9, 19.8, 19.7, 21.4, 22.6, 22.8, 20.4, 21.8, 21.4, 18.8, 17.1, 17.6, 19.1, 19.2, 22.7, 19.5, 19.1, 18.3, 22.5, 20.9,
22.2, 20.9, 22.3, 23.5, 23.9, 25.3, 23.1, 24.1, 23.6, 24, 20.1, 17.9, 18.2, 17.8, 17.7, 18.2, 17.2, 19.3, 19.2, 22.8,
22.7, 21, 22.5, 21.5, 19.3, 17.7, 19.6, 18.7, 15.4, 15.3, 15.1, 15.1, 16.8, 16.4, 14.7, 15.9, 19.6, 17.4, 18.1, 19.1,
19.1, 16.4, 16.3, 13.8, 16.4, 18.4, 15.6, 16.3, 15.2, 14, 9.3, 11.3, 12.8, 11.9, 12.3, 11.2, 10.6, 10.2, 7.9, 7.4, 6.6,
11.2, 9.5, 5.9, 9.4, 7.7, 8, 8.4, 3.9, 9.2, 8.5, 6.2, 10.5, 5.5, 6.8, 9.1, 7.6, 5.2, 6.8, 10.8, 5.7, 1.6, 2, 6.6, 8.6, 7,
11.1, 9.9, 11.4, 7, 1.9, 2.3, 7.1, 6.6, 2.5, 1.6, 3.3, 7.7, 12, 13, 10.4, 5, -0.4, 5.1, 8.7, 8.5, 5.9, 4.8, 0.4, 3.4, 4.6,
3.4, 2.1, 0.9, -1.1, 4.7, 3.8, 1.6, 2, 1.3, 1.5, 1.6, 4.2, 2.3, 0.1, 0.4, 0.3, 3.2, 1.9, -0.3, 6.1, 5.4, 1.3, 0.9, -2.4,
-2.9, -0.4, 0.2, 1.1, 0.5, -1.2, -2.2, -1.1, 0.3, 1.1, 1)
